total_epochs=1700
best_score=75.62463
bias=3.3503487
coeffs=1.8852301,0.7289496,1.0911846,2.1551652,0.23252624,1.2354665,0.37418324,0.30028218,1.3021797,1.9181709
